22
3
0 2319 4734 2667 2963 5520 6352 3553 3993 5796 1623 2808 6298 5417 6951 1647 6819 2552 2952 6019 1741 3888
2319 0 4323 3896 2552 6749 5941 3142 3582 5385 2852 2397 7527 5006 8180 2876 6408 3781 4181 7248 2970 5117
4734 4323 0 6311 2405 9164 2754 2889 2209 2198 5267 3654 9942 1819 10595 5291 3221 6196 6596 9663 5385 7532
2667 3896 6311 0 4540 3043 7929 5130 5570 7373 2260 4385 3821 6994 4474 2424 8396 1939 475 3542 1594 1411
2963 2552 2405 4540 0 7393 4023 1224 1664 3467 3496 1883 8171 3088 8824 3520 4490 4425 4825 7892 3614 5761
5520 6749 9164 3043 7393 0 10782 7983 8423 10226 5113 7238 2594 9847 3247 5277 11249 4792 3004 2315 4447 2142
6352 5941 2754 7929 4023 10782 0 4507 3827 2390 6885 5272 11560 1141 12213 6909 1411 7814 8214 11281 7003 9150
3553 3142 2889 5130 1224 7983 4507 0 2148 3951 4086 2473 8761 3572 9414 4110 4974 5015 5415 8482 4204 6351
3993 3582 2209 5570 1664 8423 3827 2148 0 3271 4526 2913 9201 2892 9854 4550 4294 5455 5855 8922 4644 6791
5796 5385 2198 7373 3467 10226 2390 3951 3271 0 6329 4716 11004 1455 11657 6353 2857 7258 7658 10725 6447 8594
1623 2852 5267 2260 3496 5113 6885 4086 4526 6329 0 3341 5891 5950 6544 1380 7352 2145 2545 5612 1334 3481
2808 2397 3654 4385 1883 7238 5272 2473 2913 4716 3341 0 8016 4337 8669 3365 5739 4270 4670 7737 3459 5606
6298 7527 9942 3821 8171 2594 11560 8761 9201 11004 5891 8016 0 10625 871 6055 12027 5570 3782 1447 5225 2920
5417 5006 1819 6994 3088 9847 1141 3572 2892 1455 5950 4337 10625 0 11278 5974 1608 6879 7279 10346 6068 8215
6951 8180 10595 4474 8824 3247 12213 9414 9854 11657 6544 8669 871 11278 0 6708 12680 6223 4435 2100 5878 3573
1647 2876 5291 2424 3520 5277 6909 4110 4550 6353 1380 3365 6055 5974 6708 0 7376 2309 2709 5776 1498 3645
6819 6408 3221 8396 4490 11249 1411 4974 4294 2857 7352 5739 12027 1608 12680 7376 0 8281 8681 11748 7470 9617
2552 3781 6196 1939 4425 4792 7814 5015 5455 7258 2145 4270 5570 6879 6223 2309 8281 0 2224 5291 1479 3160
2952 4181 6596 475 4825 3004 8214 5415 5855 7658 2545 4670 3782 7279 4435 2709 8681 2224 0 3503 1879 1372
6019 7248 9663 3542 7892 2315 11281 8482 8922 10725 5612 7737 1447 10346 2100 5776 11748 5291 3503 0 4946 2641
1741 2970 5385 1594 3614 4447 7003 4204 4644 6447 1334 3459 5225 6068 5878 1498 7470 1479 1879 4946 0 2815
3888 5117 7532 1411 5761 2142 9150 6351 6791 8594 3481 5606 2920 8215 3573 3645 9617 3160 1372 2641 2815 0