0   261 26  122 190 62  80  199 210 100 183 250 46  108 227 145 169 133 276 156 60  270 260 31  221 78  140 205 278 28  165 97
261 0   259 159 81  215 197 80  69  183 92  39  241 173 44  136 102 150 43  135 225 37  27  264 68  207 147 76  45  245 118 194
26  259 0   120 188 60  78  197 208 98  181 248 44  106 225 143 167 131 274 154 58  268 258 19  219 76  138 203 276 26  163 95
122 159 120 0   88  76  58  97  108 44  81  148 102 34  125 43  67  31  174 54  86  168 158 125 119 68  38  103 176 106 63  55
190 81  188 88  0   144 126 19  30  112 21  70  170 102 47  65  31  79  96  64  154 90  80  193 41  136 76  25  98  174 47  123
62  215 60  76  144 0   34  153 164 54  137 204 42  62  181 99  123 87  230 110 26  224 214 65  175 32  94  159 232 46  119 51
80  197 78  58  126 34  0   135 146 36  119 186 60  44  163 81  105 69  212 92  44  206 196 83  157 26  76  141 214 64  101 33
199 80  197 97  19  153 135 0   29  121 30  69  179 111 46  74  40  88  95  73  163 89  79  202 40  145 85  24  97  183 56  132
210 69  208 108 30  164 146 29  0   132 41  58  190 122 35  85  51  99  84  84  174 78  68  213 29  156 96  25  86  194 67  143
100 183 98  44  112 54  36  121 132 0   105 172 80  30  149 67  91  55  198 78  64  192 182 103 143 46  62  127 200 84  87  33
183 92  181 81  21  137 119 30  41  105 0   81  163 95  58  58  24  72  107 57  147 101 91  186 52  129 69  36  109 167 40  116
250 39  248 148 70  204 186 69  58  172 81  0   230 162 33  125 91  139 54  124 214 48  38  253 57  196 136 65  56  234 107 183
46  241 44  102 170 42  60  179 190 80  163 230 0   88  207 125 149 113 256 136 40  250 240 49  201 58  120 185 258 30  145 77
108 173 106 34  102 62  44  111 122 30  95  162 88  0   139 57  81  45  188 68  72  182 172 111 133 54  52  117 190 92  77  41
227 44  225 125 47  181 163 46  35  149 58  33  207 139 0   102 68  116 59  101 191 53  43  230 34  173 113 42  61  211 84  160
145 136 143 43  65  99  81  74  85  67  58  125 125 57  102 0   44  34  151 31  109 145 135 148 96  91  31  80  153 129 40  78
169 102 167 67  31  123 105 40  51  91  24  91  149 81  68  44  0   58  117 43  133 111 101 172 62  115 55  46  119 153 26  102
133 150 131 31  79  87  69  88  99  55  72  139 113 45  116 34  58  0   165 45  97  159 149 136 110 79  29  94  167 117 54  66
276 43  274 174 96  230 212 95  84  198 107 54  256 188 59  151 117 165 0   150 240 16  32  279 83  222 162 91  14  260 133 209
156 135 154 54  64  110 92  73  84  78  57  124 136 68  101 31  43  45  150 0   120 144 134 159 95  102 42  79  152 140 39  89
60  225 58  86  154 26  44  163 174 64  147 214 40  72  191 109 133 97  240 120 0   234 224 63  185 42  104 169 242 44  129 61
270 37  268 168 90  224 206 89  78  192 101 48  250 182 53  145 111 159 16  144 234 0   26  273 77  216 156 85  18  254 127 203
260 27  258 158 80  214 196 79  68  182 91  38  240 172 43  135 101 149 32  134 224 26  0   263 67  206 146 75  34  244 117 193
31  264 19  125 193 65  83  202 213 103 186 253 49  111 230 148 172 136 279 159 63  273 263 0   224 81  143 208 281 31  168 100
221 68  219 119 41  175 157 40  29  143 52  57  201 133 34  96  62  110 83  95  185 77  67  224 0   167 107 36  85  205 78  154
78  207 76  68  136 32  26  145 156 46  129 196 58  54  173 91  115 79  222 102 42  216 206 81  167 0   86  151 224 62  111 43
140 147 138 38  76  94  76  85  96  62  69  136 120 52  113 31  55  29  162 42  104 156 146 143 107 86  0   91  164 124 51  73
205 76  203 103 25  159 141 24  25  127 36  65  185 117 42  80  46  94  91  79  169 85  75  208 36  151 91  0   93  189 62  138
278 45  276 176 98  232 214 97  86  200 109 56  258 190 61  153 119 167 14  152 242 18  34  281 85  224 164 93  0   262 135 211
28  245 26  106 174 46  64  183 194 84  167 234 30  92  211 129 153 117 260 140 44  254 244 31  205 62  124 189 262 0   149 81
165 118 163 63  47  119 101 56  67  87  40  107 145 77  84  40  26  54  133 39  129 127 117 168 78  111 51  62  135 149 0   98
97  194 95  55  123 51  33  132 143 33  116 183 77  41  160 78  102 66  209 89  61  203 193 100 154 43  73  138 211 81  98  0
